1565720109.473317 	 14.990000 	 2.159133
1565720116.638443 	 14.990000 	 2.043246
1565720123.686820 	 14.990000 	 1.813125
1565720130.505222 	 14.990000 	 1.692935
1565720137.202496 	 14.990000 	 1.929874
1565720144.137858 	 14.990000 	 1.728139
1565720150.872040 	 14.990000 	 1.640553
1565720157.516722 	 14.990000 	 1.948020
1565720164.469380 	 14.990000 	 2.258157
1565720171.732076 	 14.990000 	 1.830927
1565720178.567115 	 14.990000 	 1.676636
1565720185.248024 	 14.990000 	 2.144268
1565720192.397262 	 14.990000 	 1.784531
1565720199.185547 	 14.990000 	 1.833437
1565720206.023460 	 14.990000 	 1.816964
1565720212.846096 	 14.990000 	 2.503933
1565720220.356510 	 14.990000 	 1.899958
1565720227.262642 	 14.990000 	 2.138694
1565720234.405906 	 14.990000 	 1.966323
1565720241.377433 	 14.990000 	 1.871106
1565720248.252528 	 14.990000 	 1.934136
1565720255.191282 	 14.990000 	 1.664272
1565720261.861448 	 14.990000 	 1.717532
1565720268.584417 	 14.990000 	 1.989439
1565720275.578344 	 14.990000 	 1.967018
1565720282.549612 	 14.990000 	 2.171787
1565720289.726196 	 14.990000 	 1.881996
1565720296.613170 	 14.990000 	 2.152654
1565720303.770614 	 14.990000 	 2.231628
1565720311.006586 	 14.990000 	 1.624739
1565720317.636114 	 14.990000 	 2.066457
1565720324.708119 	 14.990000 	 1.883678
1565720331.596770 	 14.990000 	 2.413462
1565720339.025265 	 14.990000 	 2.287426
1565720346.318919 	 14.990000 	 2.057534
1565720353.381739 	 14.990000 	 2.775578
1565720361.161285 	 14.990000 	 1.886655
1565720368.055157 	 14.990000 	 1.824836
1565720374.887466 	 14.990000 	 1.730549
1565720381.623125 	 14.990000 	 2.080870
1565720388.708387 	 14.990000 	 1.800942
1565720395.514426 	 14.990000 	 1.940381
1565720402.460204 	 14.990000 	 1.664498
1565720409.128492 	 14.990000 	 1.832489
1565720415.965202 	 14.990000 	 1.908656
1565720422.878309 	 14.990000 	 1.907751
1565720429.791493 	 14.990000 	 2.040847
1565720436.837588 	 14.990000 	 1.779770
1565720443.623943 	 14.990000 	 2.169554
1565720450.798001 	 14.990000 	 1.736326
1565720457.541460 	 14.990000 	 2.215564
1565720464.762698 	 14.990000 	 1.733089
1565720471.499869 	 14.990000 	 1.953957
1565720478.459519 	 14.990000 	 1.725802
1565720485.191890 	 14.990000 	 1.715658
1565720491.911973 	 14.990000 	 2.119556
1565720499.036775 	 14.990000 	 1.840557
1565720505.882647 	 14.990000 	 1.987027
1565720512.875260 	 14.990000 	 2.698798
1565720520.581316 	 14.990000 	 1.784480
1565720527.370353 	 14.990000 	 1.991442
1565720534.367170 	 14.990000 	 1.918522
1565720541.291362 	 14.990000 	 1.971777
1565720548.267841 	 14.990000 	 2.444333
1565720555.719672 	 14.990000 	 2.049961
1565764020.145870 	 14.990000 	 2.532363
1565764027.685668 	 14.990000 	 1.822871
1565764219.412945 	 14.990000 	 1.911864
1565765944.737981 	 14.990000 	 1.897329
